74    09 26 23.84 -35 30 02.05  P 1 12.34   0 star
513   09 32 24.75 -36 49 43.37  P 1 11.65   0 star
329   09 29 57.73 -37 33 32.79  P 1 11.65   0 star
464   09 31 48.57 -36 15 32.10  P 1 11.65   0 star
439   09 31 25.07 -38 05 54.82  P 1 11.65   0 star
368   09 30 26.64 -36 44 42.89  P 1 11.65   0 star
381   09 30 33.65 -37 27 14.25  P 1 11.65   0 star
101   09 26 50.67 -36 00 14.66  P 1 11.65   0 star
255   09 28 47.73 -36 44 05.81  P 1 11.65   0 star
378   09 30 33.29 -36 48 05.64  P 1 11.65   0 star
223   09 28 34.40 -37 04 48.05  P 1 11.65   0 star
39    09 25 42.94 -35 38 04.20  P 1 12.49   0 star
335   09 30 01.78 -36 10 08.58  P 1 11.65   0 star
48    09 25 50.85 -36 37 02.89  P 1 10.83   0 star
457   09 31 41.81 -35 56 44.48  P 1 11.65   0 star
489   09 32 05.58 -36 15 22.51  P 1 11.65   0 star
433   09 31 19.19 -36 34 43.75  P 1 11.65   0 star
94    09 26 44.18 -36 19 12.19  P 1 12.14   0 star
341   09 30 07.40 -36 00 37.05  P 1 11.65   0 star
488   09 32 05.49 -35 46 51.57  P 1 11.65   0 star
62    09 26 08.98 -37 10 32.65  P 1 12.29   0 star
114   09 27 08.30 -37 24 36.55  P 1 11.65   0 star
426   09 31 14.81 -37 39 56.29  P 1 11.65   0 star
149   09 27 31.73 -36 20 34.85  P 1 11.65   0 star
163   09 27 37.90 -36 42 01.01  P 1 11.65   0 star
203   09 28 20.02 -37 26 31.29  P 1 11.65   0 star
409   09 31 00.54 -37 42 09.75  P 1 11.65   0 star
221   09 28 31.03 -35 54 18.78  P 1 11.65   0 star
155   09 27 34.66 -36 15 27.13  P 1 11.65   0 star
76    09 26 28.07 -36 59 17.52  P 1 11.49   0 star
134   09 27 19.50 -37 13 46.61  P 1 11.65   0 star
511   09 32 20.68 -37 30 41.85  P 1 11.65   0 star
270   09 28 58.45 -35 54 53.44  P 1 11.65   0 star
410   09 31 02.57 -35 34 56.56  P 1 11.65   0 star
427   09 31 15.63 -36 52 48.34  P 1 11.65   0 star
231   09 28 37.76 -36 42 17.23  P 1 11.65   0 star
398   09 30 50.18 -36 57 57.71  P 1 11.65   0 star
196   09 28 14.45 -36 40 38.24  P 1 11.65   0 star
330   09 29 57.90 -35 17 59.91  P 1 11.65   0 star
40    09 25 44.03 -35 53 29.90  P 1 11.96   0 star
258   09 28 50.89 -36 49 50.09  P 1 11.65   0 star
357   09 30 16.99 -36 34 47.14  P 1 11.65   0 star
476   09 31 59.59 -37 02 37.33  P 1 11.65   0 star
299   09 29 24.87 -35 06 08.95  P 1 11.65   0 star
400   09 30 51.98 -36 50 50.78  P 1 11.65   0 star
374   09 30 29.44 -37 49 39.70  P 1 11.65   0 star
296   09 29 21.29 -36 17 05.47  P 1 11.65   0 star
112   09 27 03.63 -37 38 52.05  P 1 11.65   0 star
373   09 30 27.88 -35 48 38.23  P 1 11.65   0 star
17    09 24 57.54 -36 28 50.31  P 1 10.84   0 star
59    09 26 04.89 -36 54 06.16  P 1 11.69   0 star
465   09 31 49.11 -36 32 15.43  P 1 11.65   0 star
82    09 26 31.68 -37 02 23.54  P 1 11.61   0 star
474   09 31 57.37 -35 07 40.23  P 1 11.65   0 star
498   09 32 13.86 -34 50 19.74  P 1 11.65   0 star
143   09 27 26.24 -36 02 35.24  P 1 11.65   0 star
443   09 31 28.58 -36 25 41.46  P 1 11.65   0 star
166   09 27 41.36 -35 10 21.64  P 1 11.65   0 star
256   09 28 49.91 -36 45 44.33  P 1 11.65   0 star
382   09 30 33.76 -38 03 23.43  P 1 11.65   0 star
508   09 32 19.15 -37 27 06.28  P 1 11.65   0 star
380   09 30 33.55 -37 29 36.93  P 1 11.65   0 star
109   09 27 00.60 -36 19 00.55  P 1 11.65   0 star
162   09 27 37.48 -36 40 29.74  P 1 11.65   0 star
252   09 28 47.48 -35 42 02.90  P 1 11.65   0 star
234   09 28 38.42 -37 23 39.86  P 1 11.65   0 star
78    09 26 30.54 -36 40 15.08  P 1 11.77   0 star
83    09 26 32.71 -37 28 27.48  P 1 11.73   0 star
481   09 32 03.68 -36 44 15.97  P 1 11.65   0 star
165   09 27 37.96 -36 26 54.91  P 1 11.65   0 star
182   09 27 52.86 -35 38 07.48  P 1 11.65   0 star
194   09 28 12.64 -36 37 41.44  P 1 11.65   0 star
219   09 28 30.32 -36 17 29.63  P 1 11.65   0 star
294   09 29 21.05 -35 33 28.14  P 1 11.65   0 star
22    09 25 08.82 -36 34 37.04  P 1 12.21   0 star
383   09 30 34.49 -35 38 48.85  P 1 11.65   0 star
46    09 25 47.51 -36 24 22.16  P 1 11.55   0 star
168   09 27 41.51 -36 30 14.14  P 1 11.65   0 star
470   09 31 52.69 -37 55 29.63  P 1 11.65   0 star
361   09 30 19.08 -36 30 10.45  P 1 11.65   0 star
405   09 30 55.75 -35 44 51.25  P 1 11.65   0 star
31    09 25 23.35 -36 32 54.95  P 1 10.88   0 star
200   09 28 16.83 -37 04 03.74  P 1 11.65   0 star
486   09 32 05.44 -36 01 00.34  P 1 11.65   0 star
13    09 24 55.82 -37 06 30.97  P 1 11.54   0 star
431   09 31 17.05 -36 37 46.08  P 1 11.65   0 star
472   09 31 54.58 -37 38 38.18  P 1 11.65   0 star
73    09 26 21.43 -36 06 43.55  P 1 10.21   0 star
469   09 31 52.22 -36 14 35.39  P 1 11.65   0 star
204   09 28 20.23 -36 55 29.32  P 1 11.65   0 star
130   09 27 17.30 -36 34 52.26  P 1 11.65   0 star
492   09 32 09.35 -37 03 23.56  P 1 11.65   0 star
510   09 32 20.55 -36 49 58.12  P 1 11.65   0 star
20    09 25 02.22 -35 57 15.67  P 1 11.40   0 star
113   09 27 05.85 -36 41 11.67  P 1 11.65   0 star
180   09 27 52.69 -35 40 17.42  P 1 11.65   0 star
213   09 28 27.93 -36 01 35.18  P 1 11.65   0 star
235   09 28 38.50 -37 13 19.60  P 1 11.65   0 star
354   09 30 14.23 -36 22 35.90  P 1 11.65   0 star
222   09 28 33.98 -35 55 46.73  P 1 11.65   0 star
2     09 24 30.23 -36 24 43.81  P 1 12.03   0 star
87    09 26 36.13 -35 30 40.44  P 1 11.06   0 star
218   09 28 30.04 -36 37 02.89  P 1 11.65   0 star
236   09 28 38.87 -36 12 52.84  P 1 11.65   0 star
260   09 28 51.42 -36 46 15.87  P 1 11.65   0 star
396   09 30 48.47 -37 28 08.21  P 1 11.65   0 star
449   09 31 35.17 -36 19 06.78  P 1 11.65   0 star
459   09 31 45.65 -35 33 01.35  P 1 11.65   0 star
157   09 27 35.10 -36 25 28.35  P 1 11.65   0 star
193   09 28 11.52 -36 02 53.33  P 1 11.65   0 star
201   09 28 16.91 -37 00 55.32  P 1 11.65   0 star
448   09 31 35.06 -35 17 43.82  P 1 11.65   0 star
462   09 31 47.70 -37 05 02.13  P 1 11.65   0 star
72    09 26 21.26 -36 47 18.61  P 1 11.96   0 star
370   09 30 26.84 -35 03 58.80  P 1 11.65   0 star
386   09 30 35.59 -35 43 14.28  P 1 11.65   0 star
442   09 31 27.73 -35 55 00.56  P 1 11.65   0 star
497   09 32 13.83 -35 58 16.72  P 1 11.65   0 star
23    09 25 09.59 -36 52 59.89  P 1 12.60   0 star
56    09 26 02.35 -35 29 27.61  P 1 11.47   0 star
316   09 29 45.12 -35 29 01.11  P 1 11.65   0 star
339   09 30 06.57 -37 53 23.62  P 1 11.65   0 star
117   09 27 09.29 -37 13 49.99  P 1 11.65   0 star
175   09 27 49.54 -36 08 13.03  P 1 11.65   0 star
436   09 31 21.49 -35 17 33.31  P 1 11.65   0 star
105   09 26 54.46 -36 12 38.13  P 1 11.65   0 star
251   09 28 46.79 -36 56 03.09  P 1 11.65   0 star
358   09 30 17.04 -35 25 19.29  P 1 11.65   0 star
468   09 31 51.95 -35 08 56.60  P 1 11.65   0 star
185   09 27 54.75 -35 53 36.15  P 1 11.65   0 star
389   09 30 39.82 -37 05 49.50  P 1 11.65   0 star
425   09 31 14.43 -36 32 01.24  P 1 11.65   0 star
126   09 27 16.47 -36 22 41.04  P 1 11.65   0 star
434   09 31 19.86 -35 36 07.11  P 1 11.65   0 star
314   09 29 41.91 -37 15 29.90  P 1 11.65   0 star
334   09 30 00.22 -35 53 57.34  P 1 11.65   0 star
337   09 30 03.35 -36 56 29.01  P 1 11.65   0 star
348   09 30 10.64 -35 00 57.45  P 1 11.65   0 star
360   09 30 19.08 -37 07 44.37  P 1 11.65   0 star
467   09 31 49.77 -35 43 28.44  P 1 11.65   0 star
33    09 25 32.52 -36 33 24.90  P 1 12.01   0 star
125   09 27 16.02 -37 23 11.49  P 1 11.65   0 star
189   09 27 59.56 -35 47 14.52  P 1 11.65   0 star
249   09 28 46.26 -35 23 37.09  P 1 11.65   0 star
283   09 29 07.45 -37 25 22.59  P 1 11.65   0 star
290   09 29 14.42 -35 01 37.27  P 1 11.65   0 star
342   09 30 07.62 -35 24 26.84  P 1 11.65   0 star
407   09 30 59.58 -37 57 04.64  P 1 11.65   0 star
3     09 24 30.52 -36 22 48.26  P 1 11.28   0 star
158   09 27 35.12 -36 37 34.23  P 1 11.65   0 star
362   09 30 19.72 -35 55 43.52  P 1 11.65   0 star
450   09 31 37.13 -38 00 23.26  P 1 11.65   0 star
500   09 32 15.20 -37 03 33.20  P 1 11.65   0 star
14    09 24 55.88 -36 47 42.19  P 1 10.04   0 star
245   09 28 44.55 -36 45 53.44  P 1 11.65   0 star
293   09 29 16.37 -36 14 50.35  P 1 11.65   0 star
432   09 31 17.18 -37 15 03.57  P 1 11.65   0 star
512   09 32 22.02 -36 18 59.26  P 1 11.65   0 star
28    09 25 20.12 -36 16 29.81  P 1 12.50   0 star
41    09 25 44.19 -35 47 15.78  P 1 9.288   0 star
42    09 25 44.24 -35 47 13.98  P 1 9.288   0 star
43    09 25 44.91 -36 48 19.96  P 1 8.796   0 star
47    09 25 50.60 -36 27 47.00  P 1 11.09   0 star
148   09 27 30.75 -35 19 08.59  P 1 11.65   0 star
188   09 27 59.35 -37 14 27.17  P 1 11.65   0 star
232   09 28 37.82 -35 24 28.57  P 1 11.65   0 star
233   09 28 38.20 -37 25 19.11  P 1 11.65   0 star
325   09 29 54.47 -36 12 23.39  P 1 11.65   0 star
375   09 30 29.68 -34 52 28.35  P 1 11.65   0 star
21    09 25 04.03 -36 14 36.59  P 1 11.43   0 star
156   09 27 35.07 -35 18 38.39  P 1 11.65   0 star
248   09 28 45.95 -35 03 17.96  P 1 11.65   0 star
275   09 29 01.68 -37 20 32.74  P 1 11.65   0 star
379   09 30 33.33 -35 08 30.88  P 1 11.65   0 star
460   09 31 46.18 -36 52 01.68  P 1 11.65   0 star
484   09 32 05.01 -34 50 28.74  P 1 11.65   0 star
52    09 25 54.64 -36 53 24.25  P 1 10.98   0 star
80    09 26 31.10 -36 13 10.65  P 1 11.54   0 star
91    09 26 39.03 -36 50 27.43  P 1 9.593   0 star
199   09 28 16.67 -36 08 28.69  P 1 11.65   0 star
225   09 28 35.97 -37 30 44.17  P 1 11.65   0 star
304   09 29 29.96 -37 12 18.71  P 1 11.65   0 star
416   09 31 07.27 -36 38 18.83  P 1 11.65   0 star
479   09 32 03.33 -36 38 11.95  P 1 11.65   0 star
97    09 26 47.17 -36 16 35.69  P 1 11.65   0 star
152   09 27 34.10 -36 43 02.41  P 1 11.65   0 star
173   09 27 44.59 -35 30 23.67  P 1 11.65   0 star
177   09 27 51.11 -37 27 25.52  P 1 11.65   0 star
279   09 29 05.69 -35 12 05.97  P 1 11.65   0 star
315   09 29 42.53 -35 14 53.04  P 1 11.65   0 star
350   09 30 11.80 -35 06 28.34  P 1 11.65   0 star
393   09 30 46.46 -36 03 25.25  P 1 11.65   0 star
452   09 31 37.93 -37 27 00.77  P 1 11.65   0 star
458   09 31 43.97 -35 56 21.49  P 1 11.65   0 star
45    09 25 46.89 -37 12 42.30  P 1 11.86   0 star
92    09 26 42.89 -36 43 04.58  P 1 12.36   0 star
104   09 26 53.97 -37 21 21.76  P 1 11.65   0 star
119   09 27 10.18 -37 18 20.23  P 1 11.65   0 star
171   09 27 42.60 -35 22 05.64  P 1 11.65   0 star
191   09 28 07.83 -36 55 38.38  P 1 11.65   0 star
208   09 28 24.48 -37 18 39.44  P 1 11.65   0 star
215   09 28 28.21 -35 49 43.73  P 1 11.65   0 star
227   09 28 36.60 -36 17 45.21  P 1 11.65   0 star
269   09 28 57.37 -35 46 11.69  P 1 11.65   0 star
271   09 28 59.91 -37 27 41.30  P 1 11.65   0 star
286   09 29 09.76 -36 47 51.52  P 1 11.65   0 star
295   09 29 21.10 -37 53 12.53  P 1 11.65   0 star
332   09 29 59.11 -36 15 25.24  P 1 11.65   0 star
353   09 30 13.91 -36 34 48.41  P 1 11.65   0 star
406   09 30 56.46 -36 08 49.61  P 1 11.65   0 star
428   09 31 16.01 -36 06 51.08  P 1 11.65   0 star
441   09 31 27.32 -37 09 47.18  P 1 11.65   0 star
480   09 32 03.61 -36 00 24.27  P 1 11.65   0 star
6     09 24 39.38 -36 33 48.81  P 1 12.62   0 star
9     09 24 49.13 -37 02 53.45  P 1 11.54   0 star
10    09 24 51.39 -36 55 47.60  P 1 11.54   0 star
11    09 24 54.18 -36 45 44.78  P 1 11.99   0 star
50    09 25 51.87 -36 21 08.84  P 1 8.599   0 star
54    09 25 56.59 -37 28 02.43  P 1  12.8   0 star
88    09 26 36.57 -37 11 59.19  P 1 10.80   0 star
93    09 26 44.13 -37 24 00.77  P 1 12.04   0 star
100   09 26 50.03 -36 33 26.67  P 1 11.65   0 star
107   09 26 59.05 -36 02 57.08  P 1 11.65   0 star
118   09 27 09.60 -37 39 23.26  P 1 11.65   0 star
121   09 27 12.27 -35 37 45.40  P 1 11.65   0 star
131   09 27 17.55 -36 25 03.43  P 1 11.65   0 star
154   09 27 34.58 -35 17 24.52  P 1 11.65   0 star
164   09 27 37.93 -37 40 11.98  P 1 11.65   0 star
211   09 28 25.55 -36 41 29.26  P 1 11.65   0 star
240   09 28 41.84 -36 04 16.02  P 1 11.65   0 star
259   09 28 51.32 -37 14 23.47  P 1 11.65   0 star
264   09 28 53.48 -36 33 32.13  P 1 11.65   0 star
273   09 29 00.65 -37 12 13.20  P 1 11.65   0 star
281   09 29 06.73 -36 27 36.95  P 1 11.65   0 star
292   09 29 16.29 -37 51 32.75  P 1 11.65   0 star
300   09 29 27.04 -36 25 38.56  P 1 11.65   0 star
305   09 29 30.68 -36 06 41.07  P 1 11.65   0 star
307   09 29 33.73 -37 53 52.17  P 1 11.65   0 star
322   09 29 51.70 -36 29 00.02  P 1 11.65   0 star
327   09 29 55.82 -38 01 15.57  P 1 11.65   0 star
359   09 30 18.79 -36 50 18.63  P 1 11.65   0 star
392   09 30 45.60 -37 46 01.72  P 1 11.65   0 star
397   09 30 49.62 -37 59 11.48  P 1 11.65   0 star
401   09 30 52.76 -37 11 26.56  P 1 11.65   0 star
414   09 31 06.63 -37 43 58.87  P 1 11.65   0 star
444   09 31 30.80 -36 45 01.68  P 1 11.65   0 star
451   09 31 37.21 -37 39 58.76  P 1 11.65   0 star
456   09 31 41.55 -37 44 33.18  P 1 11.65   0 star
471   09 31 53.39 -36 21 01.86  P 1 11.65   0 star
475   09 31 57.78 -36 51 34.35  P 1 11.65   0 star
1     09 24 25.65 -36 30 42.06  P 1 9.256   0 star
4     09 24 31.72 -36 52 23.24  P 1 11.61   0 star
5     09 24 39.20 -36 22 22.28  P 1 11.83   0 star
7     09 24 40.49 -36 55 42.49  P 1 11.68   0 star
8     09 24 46.10 -37 01 13.71  P 1 11.15   0 star
12    09 24 55.32 -36 32 42.27  P 1 10.82   0 star
15    09 24 56.33 -37 00 25.26  P 1 10.96   0 star
16    09 24 56.36 -35 59 31.10  P 1 11.89   0 star
18    09 25 00.31 -35 54 19.18  P 1 7.689   0 star
19    09 25 01.03 -36 09 38.26  P 1 11.40   0 star
24    09 25 11.58 -36 42 55.12  P 1 10.26   0 star
25    09 25 17.60 -36 23 21.08  P 1 8.238   0 star
26    09 25 19.30 -35 56 19.07  P 1 10.48   0 star
27    09 25 19.38 -35 56 23.17  P 1 8.927   0 star
29    09 25 21.64 -37 02 20.00  P 1 9.327   0 star
30    09 25 22.90 -37 09 52.63  P 1 11.79   0 star
32    09 25 30.07 -37 03 26.25  P 1 11.11   0 star
34    09 25 35.22 -35 54 33.12  P 1 11.98   0 star
35    09 25 35.93 -36 27 15.50  P 1 11.97   0 star
36    09 25 35.96 -37 16 13.58  P 1 8.848   0 star
37    09 25 36.51 -37 08 25.60  P 1 12.08   0 star
38    09 25 37.03 -37 16 24.38  P 1 10.38   0 star
44    09 25 45.72 -36 00 58.77  P 1 11.42   0 star
49    09 25 51.69 -36 41 45.28  P 1 10.30   0 star
51    09 25 53.69 -36 37 05.91  P 1 11.37   0 star
53    09 25 56.58 -36 19 31.06  P 1 10.39   0 star
55    09 26 00.93 -36 34 14.44  P 1 11.63   0 star
57    09 26 02.62 -35 58 07.11  P 1 7.961   0 star
58    09 26 02.66 -36 47 08.07  P 1 8.565   0 star
60    09 26 05.27 -36 38 57.92  P 1 11.33   0 star
61    09 26 06.37 -36 08 50.52  P 1 11.71   0 star
63    09 26 10.08 -35 32 29.32  P 1 9.766   0 star
64    09 26 12.32 -36 32 58.37  P 1 10.98   0 star
65    09 26 13.93 -37 21 29.38  P 1 9.667   0 star
66    09 26 14.12 -37 32 20.10  P 1 11.24   0 star
67    09 26 14.61 -35 28 16.25  P 1 12.60   0 star
68    09 26 17.72 -37 26 46.84  P 1 11.23   0 star
69    09 26 18.51 -36 12 31.42  P 1 10.13   0 star
70    09 26 19.78 -36 58 14.66  P 1 9.722   0 star
71    09 26 21.16 -37 11 04.57  P 1 11.87   0 star
75    09 26 24.51 -36 02 40.12  P 1 10.61   0 star
77    09 26 30.23 -35 39 06.65  P 1 11.36   0 star
79    09 26 30.70 -36 21 01.04  P 1 10.63   0 star
81    09 26 31.46 -36 46 51.59  P 1 9.409   0 star
84    09 26 33.18 -36 50 42.70  P 1 12.81   0 star
85    09 26 34.41 -36 13 31.06  P 1 11.74   0 star
86    09 26 35.32 -36 16 01.90  P 1 11.54   0 star
89    09 26 37.35 -35 31 24.14  P 1 10.61   0 star
90    09 26 38.58 -35 47 41.95  P 1 11.67   0 star
95    09 26 44.25 -36 50 00.86  P 1 10.56   0 star
96    09 26 46.84 -36 36 13.44  P 1 10.75   0 star
98    09 26 48.21 -36 38 15.86  P 1 11.65   0 star
99    09 26 49.69 -35 30 59.34  P 1 11.65   0 star
102   09 26 52.09 -35 38 26.08  P 1 11.65   0 star
103   09 26 52.24 -36 21 12.81  P 1 11.65   0 star
106   09 26 54.93 -35 37 29.83  P 1 11.65   0 star
108   09 26 59.77 -37 40 04.54  P 1 11.65   0 star
110   09 27 02.21 -36 23 09.12  P 1 11.65   0 star
111   09 27 03.35 -35 44 47.01  P 1 11.65   0 star
115   09 27 08.65 -37 32 29.60  P 1 11.65   0 star
116   09 27 09.23 -37 05 06.21  P 1 11.65   0 star
120   09 27 11.90 -37 39 43.85  P 1 11.65   0 star
122   09 27 14.17 -37 17 23.62  P 1 11.65   0 star
123   09 27 14.46 -37 18 59.43  P 1 11.65   0 star
124   09 27 14.61 -36 03 45.96  P 1 11.65   0 star
127   09 27 16.71 -35 25 06.55  P 1 11.65   0 star
128   09 27 16.72 -35 36 31.09  P 1 11.65   0 star
129   09 27 16.87 -35 50 07.16  P 1 11.65   0 star
132   09 27 18.36 -35 37 00.04  P 1 11.65   0 star
133   09 27 19.35 -37 43 10.42  P 1 11.65   0 star
135   09 27 20.69 -37 03 21.32  P 1 11.65   0 star
136   09 27 20.93 -36 01 12.91  P 1 11.65   0 star
137   09 27 22.52 -36 35 48.80  P 1 11.65   0 star
138   09 27 22.90 -36 52 48.40  P 1 11.65   0 star
139   09 27 23.47 -36 42 21.08  P 1 11.65   0 star
140   09 27 24.33 -36 37 03.55  P 1 11.65   0 star
141   09 27 24.43 -36 53 36.29  P 1 11.65   0 star
142   09 27 24.61 -35 24 17.40  P 1 11.65   0 star
144   09 27 28.04 -36 39 14.10  P 1 11.65   0 star
145   09 27 29.33 -35 49 14.08  P 1 11.65   0 star
146   09 27 29.81 -36 57 01.50  P 1 11.65   0 star
147   09 27 30.48 -35 52 21.02  P 1 11.65   0 star
150   09 27 32.89 -36 12 10.39  P 1 11.65   0 star
151   09 27 33.18 -37 27 38.13  P 1 11.65   0 star
153   09 27 34.36 -36 51 06.49  P 1 11.65   0 star
159   09 27 35.33 -37 15 22.96  P 1 11.65   0 star
160   09 27 35.85 -37 46 14.32  P 1 11.65   0 star
161   09 27 36.51 -36 02 01.94  P 1 11.65   0 star
167   09 27 41.50 -35 23 00.86  P 1 11.65   0 star
169   09 27 42.12 -37 27 06.43  P 1 11.65   0 star
170   09 27 42.48 -35 35 33.65  P 1 11.65   0 star
172   09 27 43.54 -37 21 38.99  P 1 11.65   0 star
174   09 27 48.14 -37 46 38.73  P 1 11.65   0 star
176   09 27 50.63 -35 41 07.91  P 1 11.65   0 star
178   09 27 52.20 -35 08 44.48  P 1 11.65   0 star
179   09 27 52.39 -36 18 09.10  P 1 11.65   0 star
181   09 27 52.83 -37 27 55.10  P 1 11.65   0 star
183   09 27 52.89 -37 22 20.24  P 1 11.65   0 star
184   09 27 53.43 -36 54 16.15  P 1 11.65   0 star
186   09 27 56.60 -37 24 22.72  P 1 11.65   0 star
187   09 27 58.20 -37 45 40.88  P 1 11.65   0 star
190   09 28 07.36 -37 27 50.81  P 1 11.65   0 star
192   09 28 09.31 -36 50 18.77  P 1 11.65   0 star
195   09 28 13.03 -37 41 28.63  P 1 11.65   0 star
197   09 28 15.35 -37 23 40.27  P 1 11.65   0 star
198   09 28 16.57 -36 33 15.95  P 1 11.65   0 star
202   09 28 17.20 -36 38 24.79  P 1 11.65   0 star
205   09 28 22.57 -35 12 42.74  P 1 11.65   0 star
206   09 28 22.78 -35 59 33.55  P 1 11.65   0 star
207   09 28 24.07 -37 04 14.91  P 1 11.65   0 star
209   09 28 24.86 -37 29 48.19  P 1 11.65   0 star
210   09 28 25.05 -37 13 01.12  P 1 11.65   0 star
212   09 28 27.74 -36 36 16.01  P 1 11.65   0 star
214   09 28 27.98 -36 43 42.23  P 1 11.65   0 star
216   09 28 29.11 -36 10 46.40  P 1 11.65   0 star
217   09 28 29.25 -36 29 51.30  P 1 11.65   0 star
220   09 28 30.53 -37 11 24.73  P 1 11.65   0 star
224   09 28 35.42 -35 02 10.85  P 1 11.65   0 star
226   09 28 36.46 -37 23 27.27  P 1 11.65   0 star
228   09 28 36.79 -36 22 55.27  P 1 11.65   0 star
229   09 28 36.92 -36 47 00.73  P 1 11.65   0 star
230   09 28 37.17 -36 27 15.19  P 1 11.65   0 star
237   09 28 39.46 -36 59 49.10  P 1 11.65   0 star
238   09 28 40.74 -35 02 10.99  P 1 11.65   0 star
239   09 28 41.64 -35 29 19.49  P 1 11.65   0 star
241   09 28 42.57 -35 36 46.05  P 1 11.65   0 star
242   09 28 42.77 -35 40 28.75  P 1 11.65   0 star
243   09 28 43.01 -36 01 22.41  P 1 11.65   0 star
244   09 28 43.79 -37 27 10.85  P 1 11.65   0 star
246   09 28 44.98 -36 08 48.41  P 1 11.65   0 star
247   09 28 45.68 -37 56 02.54  P 1 11.65   0 star
250   09 28 46.39 -37 27 01.47  P 1 11.65   0 star
253   09 28 47.66 -35 05 12.48  P 1 11.65   0 star
254   09 28 47.73 -35 32 11.74  P 1 11.65   0 star
257   09 28 49.94 -36 09 25.11  P 1 11.65   0 star
261   09 28 51.46 -35 17 10.28  P 1 11.65   0 star
262   09 28 52.79 -36 10 07.19  P 1 11.65   0 star
263   09 28 52.79 -36 04 11.01  P 1 11.65   0 star
265   09 28 56.21 -37 49 58.73  P 1 11.65   0 star
266   09 28 56.48 -35 50 14.36  P 1 11.65   0 star
267   09 28 56.51 -35 49 27.47  P 1 11.65   0 star
268   09 28 56.70 -36 24 24.83  P 1 11.65   0 star
272   09 29 00.18 -37 41 44.33  P 1 11.65   0 star
274   09 29 01.26 -37 51 25.24  P 1 11.65   0 star
276   09 29 03.81 -36 57 18.14  P 1 11.65   0 star
277   09 29 04.65 -36 11 19.13  P 1 11.65   0 star
278   09 29 04.92 -35 32 43.75  P 1 11.65   0 star
280   09 29 05.89 -35 55 06.36  P 1 11.65   0 star
282   09 29 07.44 -37 31 25.03  P 1 11.65   0 star
284   09 29 08.22 -35 12 27.20  P 1 11.65   0 star
285   09 29 08.70 -37 27 30.22  P 1 11.65   0 star
287   09 29 09.82 -36 26 11.97  P 1 11.65   0 star
288   09 29 11.08 -37 27 00.51  P 1 11.65   0 star
289   09 29 13.05 -36 27 06.21  P 1 11.65   0 star
291   09 29 14.74 -35 57 04.85  P 1 11.65   0 star
297   09 29 22.97 -35 49 33.60  P 1 11.65   0 star
298   09 29 23.10 -35 35 21.50  P 1 11.65   0 star
301   09 29 27.83 -35 02 15.60  P 1 11.65   0 star
302   09 29 28.55 -36 16 59.62  P 1 11.65   0 star
303   09 29 29.90 -37 14 50.21  P 1 11.65   0 star
306   09 29 32.06 -36 27 09.38  P 1 11.65   0 star
308   09 29 35.05 -37 15 02.70  P 1 11.65   0 star
309   09 29 35.23 -36 14 22.19  P 1 11.65   0 star
310   09 29 36.08 -35 31 07.81  P 1 11.65   0 star
311   09 29 36.55 -36 56 59.96  P 1 11.65   0 star
312   09 29 36.75 -37 40 54.10  P 1 11.65   0 star
313   09 29 40.67 -37 06 27.39  P 1 11.65   0 star
317   09 29 45.22 -36 27 05.19  P 1 11.65   0 star
318   09 29 45.62 -35 20 33.40  P 1 11.65   0 star
319   09 29 47.73 -37 26 17.86  P 1 11.65   0 star
320   09 29 48.42 -35 09 18.81  P 1 11.65   0 star
321   09 29 51.65 -36 29 00.47  P 1 11.65   0 star
323   09 29 52.07 -37 37 10.56  P 1 11.65   0 star
324   09 29 52.23 -37 37 01.12  P 1 11.65   0 star
326   09 29 54.90 -36 07 10.44  P 1 11.65   0 star
328   09 29 56.58 -36 29 58.45  P 1 11.65   0 star
331   09 29 58.91 -37 06 37.30  P 1 11.65   0 star
333   09 30 00.22 -35 30 28.67  P 1 11.65   0 star
336   09 30 02.19 -36 09 26.23  P 1 11.65   0 star
338   09 30 04.57 -34 59 54.66  P 1 11.65   0 star
340   09 30 07.07 -35 48 05.45  P 1 11.65   0 star
343   09 30 08.04 -37 41 17.59  P 1 11.65   0 star
344   09 30 08.81 -35 31 13.88  P 1 11.65   0 star
345   09 30 09.15 -37 53 20.39  P 1 11.65   0 star
346   09 30 09.61 -34 54 35.13  P 1 11.65   0 star
347   09 30 10.00 -36 49 52.83  P 1 11.65   0 star
349   09 30 11.06 -37 50 06.70  P 1 11.65   0 star
351   09 30 12.12 -37 56 36.65  P 1 11.65   0 star
352   09 30 13.56 -36 55 04.08  P 1 11.65   0 star
355   09 30 14.96 -37 05 17.22  P 1 11.65   0 star
356   09 30 16.03 -35 23 15.10  P 1 11.65   0 star
363   09 30 19.88 -36 29 03.05  P 1 11.65   0 star
364   09 30 20.94 -34 54 21.46  P 1 11.65   0 star
365   09 30 22.88 -36 24 31.47  P 1 11.65   0 star
366   09 30 23.42 -36 03 02.91  P 1 11.65   0 star
367   09 30 26.08 -35 58 23.81  P 1 11.65   0 star
369   09 30 26.67 -37 18 41.60  P 1 11.65   0 star
371   09 30 27.39 -35 32 49.13  P 1 11.65   0 star
372   09 30 27.85 -36 58 01.15  P 1 11.65   0 star
376   09 30 29.95 -37 00 54.37  P 1 11.65   0 star
377   09 30 31.97 -35 34 49.55  P 1 11.65   0 star
384   09 30 35.11 -37 04 53.93  P 1 11.65   0 star
385   09 30 35.46 -34 52 45.29  P 1 11.65   0 star
387   09 30 37.05 -35 27 25.54  P 1 11.65   0 star
388   09 30 37.95 -35 02 37.24  P 1 11.65   0 star
390   09 30 41.46 -36 38 36.60  P 1 11.65   0 star
391   09 30 43.46 -35 46 26.86  P 1 11.65   0 star
394   09 30 47.03 -35 17 44.06  P 1 11.65   0 star
395   09 30 47.87 -34 52 06.73  P 1 11.65   0 star
399   09 30 51.07 -34 55 51.40  P 1 11.65   0 star
402   09 30 53.09 -37 39 33.93  P 1 11.65   0 star
403   09 30 53.21 -35 17 21.68  P 1 11.65   0 star
404   09 30 54.94 -35 51 52.45  P 1 11.65   0 star
408   09 30 59.79 -36 49 11.34  P 1 11.65   0 star
411   09 31 02.82 -35 02 21.10  P 1 11.65   0 star
412   09 31 03.82 -35 25 40.99  P 1 11.65   0 star
413   09 31 05.04 -35 13 07.83  P 1 11.65   0 star
415   09 31 07.25 -37 25 10.04  P 1 11.65   0 star
417   09 31 07.55 -34 55 54.82  P 1 11.65   0 star
418   09 31 09.55 -35 17 26.27  P 1 11.65   0 star
419   09 31 09.82 -36 44 43.34  P 1 11.65   0 star
420   09 31 10.04 -35 55 33.15  P 1 11.65   0 star
421   09 31 10.17 -36 22 10.34  P 1 11.65   0 star
422   09 31 12.92 -35 50 31.69  P 1 11.65   0 star
423   09 31 13.05 -36 34 22.53  P 1 11.65   0 star
424   09 31 13.39 -36 26 29.62  P 1 11.65   0 star
429   09 31 16.06 -36 09 00.27  P 1 11.65   0 star
430   09 31 16.38 -35 02 01.14  P 1 11.65   0 star
435   09 31 21.11 -37 53 41.04  P 1 11.65   0 star
437   09 31 21.49 -36 52 46.41  P 1 11.65   0 star
438   09 31 23.49 -35 26 31.83  P 1 11.65   0 star
440   09 31 27.08 -35 36 19.23  P 1 11.65   0 star
445   09 31 31.90 -36 24 14.18  P 1 11.65   0 star
446   09 31 32.93 -35 42 51.58  P 1 11.65   0 star
447   09 31 33.09 -35 37 11.38  P 1 11.65   0 star
453   09 31 39.45 -38 06 02.24  P 1 11.65   0 star
454   09 31 40.73 -37 44 08.52  P 1 11.65   0 star
455   09 31 41.02 -37 39 46.12  P 1 11.65   0 star
461   09 31 46.88 -37 26 22.07  P 1 11.65   0 star
463   09 31 48.36 -36 36 46.44  P 1 11.65   0 star
466   09 31 49.22 -37 56 30.80  P 1 11.65   0 star
473   09 31 54.66 -37 55 59.46  P 1 11.65   0 star
477   09 32 01.70 -37 06 47.64  P 1 11.65   0 star
478   09 32 01.93 -37 54 24.78  P 1 11.65   0 star
482   09 32 03.94 -37 05 26.81  P 1 11.65   0 star
483   09 32 04.20 -35 08 50.22  P 1 11.65   0 star
485   09 32 05.04 -35 53 49.89  P 1 11.65   0 star
487   09 32 05.46 -35 49 08.77  P 1 11.65   0 star
490   09 32 06.91 -35 36 17.15  P 1 11.65   0 star
491   09 32 07.80 -35 11 46.89  P 1 11.65   0 star
493   09 32 10.83 -36 44 12.70  P 1 11.65   0 star
494   09 32 11.26 -37 53 48.71  P 1 11.65   0 star
495   09 32 12.32 -35 56 15.14  P 1 11.65   0 star
496   09 32 13.72 -36 26 43.28  P 1 11.65   0 star
499   09 32 15.07 -37 58 11.46  P 1 11.65   0 star
501   09 32 15.74 -36 38 13.68  P 1 11.65   0 star
502   09 32 16.12 -35 21 45.76  P 1 11.65   0 star
503   09 32 16.42 -36 01 31.24  P 1 11.65   0 star
504   09 32 16.59 -36 01 06.33  P 1 11.65   0 star
505   09 32 18.31 -37 16 26.30  P 1 11.65   0 star
506   09 32 18.33 -34 49 41.14  P 1 11.65   0 star
507   09 32 18.38 -36 55 54.83  P 1 11.65   0 star
509   09 32 19.26 -37 41 54.80  P 1 11.65   0 star
514   09 32 26.67 -37 09 02.04  P 1 11.65   0 star
515   09 32 27.87 -35 20 55.89  P 1 11.65   0 star
516   09 32 28.34 -35 09 22.81  P 1 11.65   0 star
517   09 32 28.49 -37 41 01.85  P 1 11.65   0 star
518   09 32 28.95 -35 19 35.94  P 1 11.65   0 star
519   09 32 29.65 -35 15 08.09  P 1 11.65   0 star
520   09 32 31.07 -36 25 41.69  P 1 11.65   0 star
521   09 32 32.66 -36 29 22.45  P 1 11.65   0 star
522   09 32 32.66 -34 56 12.06  P 1 11.65   0 star
523   09 32 33.22 -35 55 48.25  P 1 11.65   0 star
524   09 32 35.65 -35 45 10.16  P 1 11.65   0 star
525   09 32 36.46 -35 33 48.79  P 1 11.65   0 star
526   09 32 36.69 -36 47 00.99  P 1 11.65   0 star
527   09 32 37.23 -35 44 40.09  P 1 11.65   0 star
528   09 32 37.60 -37 53 31.55  P 1 11.65   0 star
529   09 32 38.58 -37 37 58.52  P 1 11.65   0 star
530   09 32 38.59 -37 51 04.69  P 1 11.65   0 star
531   09 32 39.02 -36 28 00.73  P 1 11.65   0 star
532   09 32 39.13 -36 28 00.91  P 1 11.65   0 star
533   09 32 39.23 -35 14 57.88  P 1 11.65   0 star
534   09 32 39.44 -35 09 00.09  P 1 11.65   0 star
535   09 32 40.84 -37 56 46.45  P 1 11.65   0 star
536   09 32 41.01 -36 47 29.19  P 1 11.65   0 star
537   09 32 41.28 -35 46 13.12  P 1 11.65   0 star
538   09 32 43.11 -35 19 41.28  P 1 11.65   0 star
539   09 32 43.18 -37 09 22.88  P 1 11.65   0 star
540   09 32 43.76 -37 17 01.47  P 1 11.65   0 star
541   09 32 44.21 -36 19 43.73  P 1 11.65   0 star
542   09 32 44.35 -37 13 34.63  P 1 11.65   0 star
543   09 32 45.20 -36 16 39.93  P 1 11.65   0 star
544   09 32 48.66 -36 31 41.85  P 1 11.65   0 star
545   09 32 49.91 -35 17 54.87  P 1 11.65   0 star
546   09 32 49.96 -35 04 53.41  P 1 11.65   0 star
547   09 32 49.97 -36 06 10.96  P 1 11.65   0 star
548   09 32 50.01 -37 32 32.31  P 1 11.65   0 star
549   09 32 53.85 -36 43 20.74  P 1 11.65   0 star
550   09 32 54.03 -35 11 58.07  P 1 11.65   0 star
551   09 32 54.61 -35 08 59.34  P 1 11.65   0 star
552   09 32 56.61 -37 04 00.21  P 1 11.65   0 star
553   09 32 56.75 -37 24 26.26  P 1 11.65   0 star
554   09 32 57.22 -38 03 48.30  P 1 11.65   0 star
555   09 32 58.62 -35 00 51.15  P 1 11.65   0 star
556   09 32 59.57 -37 27 58.67  P 1 11.65   0 star
557   09 32 59.90 -36 13 50.08  P 1 11.65   0 star
558   09 33 00.79 -35 15 23.65  P 1 11.65   0 star
559   09 33 01.65 -36 39 32.03  P 1 11.65   0 star
560   09 33 02.04 -35 05 35.79  P 1 11.65   0 star
561   09 33 04.01 -36 09 56.29  P 1 11.65   0 star
562   09 33 04.02 -35 01 08.54  P 1 11.65   0 star
563   09 33 04.92 -35 46 08.90  P 1 11.65   0 star
564   09 33 05.86 -35 18 04.09  P 1 11.65   0 star
565   09 33 06.25 -35 27 07.17  P 1 11.65   0 star
566   09 33 07.07 -36 29 38.53  P 1 11.65   0 star
567   09 33 07.08 -37 34 08.14  P 1 11.65   0 star
568   09 33 07.38 -37 12 30.72  P 1 11.65   0 star
569   09 33 07.72 -34 54 53.81  P 1 11.65   0 star
570   09 33 08.23 -34 53 55.96  P 1 11.65   0 star
571   09 33 09.03 -37 15 56.30  P 1 11.65   0 star
572   09 33 09.60 -37 55 39.17  P 1 11.65   0 star
573   09 33 09.85 -36 24 16.65  P 1 11.65   0 star
574   09 33 10.08 -36 24 11.55  P 1 11.65   0 star
575   09 33 11.25 -37 40 24.95  P 1 11.65   0 star
576   09 33 11.97 -34 56 41.88  P 1 11.65   0 star
577   09 33 11.99 -36 48 29.97  P 1 11.65   0 star
578   09 33 13.61 -36 37 06.09  P 1 11.65   0 star
579   09 33 13.84 -36 59 36.43  P 1 11.65   0 star
580   09 33 14.87 -34 50 45.54  P 1 11.65   0 star
581   09 33 15.94 -35 22 45.05  P 1 11.65   0 star
582   09 33 16.27 -35 40 06.14  P 1 11.65   0 star
583   09 33 16.85 -35 18 45.86  P 1 11.65   0 star
584   09 33 17.14 -34 53 51.13  P 1 11.65   0 star
585   09 33 17.44 -37 09 46.34  P 1 11.65   0 star
586   09 33 18.76 -35 27 53.64  P 1 11.65   0 star
587   09 33 19.11 -35 53 06.80  P 1 11.65   0 star
588   09 33 19.33 -35 06 11.22  P 1 11.65   0 star
589   09 33 19.69 -36 44 00.55  P 1 11.65   0 star
590   09 33 20.14 -35 21 23.18  P 1 11.65   0 star
591   09 33 20.18 -36 23 34.01  P 1 11.65   0 star
592   09 33 20.52 -38 00 57.72  P 1 11.65   0 star
593   09 33 20.70 -37 15 00.14  P 1 11.65   0 star
594   09 33 21.40 -37 55 04.43  P 1 11.65   0 star
595   09 33 21.97 -37 39 08.49  P 1 11.65   0 star
596   09 33 22.68 -34 59 29.08  P 1 11.65   0 star
597   09 33 23.08 -35 17 46.41  P 1 11.65   0 star
598   09 33 23.84 -37 46 07.71  P 1 11.65   0 star
599   09 33 24.76 -36 42 56.38  P 1 11.65   0 star
600   09 33 25.23 -35 26 18.06  P 1 11.65   0 star
601   09 33 26.04 -36 41 45.58  P 1 11.65   0 star
602   09 33 27.14 -35 49 37.78  P 1 11.65   0 star
603   09 33 27.65 -34 58 43.99  P 1 11.65   0 star
604   09 33 28.66 -36 09 41.79  P 1 11.65   0 star
605   09 33 30.02 -35 07 59.67  P 1 11.65   0 star
606   09 33 30.22 -36 24 23.19  P 1 11.65   0 star
607   09 33 30.59 -36 44 38.33  P 1 11.65   0 star
608   09 33 30.94 -37 00 07.95  P 1 11.65   0 star
609   09 33 32.05 -37 43 42.62  P 1 11.65   0 star
610   09 33 32.93 -35 12 51.46  P 1 11.65   0 star
611   09 33 34.86 -37 47 34.29  P 1 11.65   0 star
612   09 33 35.06 -36 50 09.27  P 1 11.65   0 star
613   09 33 35.19 -35 54 25.65  P 1 11.65   0 star
614   09 33 36.32 -35 41 48.06  P 1 11.65   0 star
615   09 33 36.42 -37 42 26.47  P 1 11.65   0 star
616   09 33 36.84 -36 37 24.49  P 1 11.65   0 star
617   09 33 38.91 -36 54 27.68  P 1 11.65   0 star
618   09 33 39.33 -35 47 17.68  P 1 11.65   0 star
619   09 33 40.56 -36 43 06.41  P 1 11.65   0 star
620   09 33 40.60 -36 14 04.30  P 1 11.65   0 star
621   09 33 40.67 -35 09 34.41  P 1 11.65   0 star
622   09 33 40.69 -37 19 59.03  P 1 11.65   0 star
623   09 33 42.40 -34 51 40.18  P 1 11.65   0 star
624   09 33 43.50 -36 02 12.89  P 1 11.65   0 star
625   09 33 44.98 -37 21 18.55  P 1 11.65   0 star
626   09 33 46.08 -36 55 52.33  P 1 11.65   0 star
627   09 33 46.54 -36 36 08.15  P 1 11.65   0 star
628   09 33 48.38 -37 10 15.49  P 1 11.65   0 star
629   09 33 48.46 -36 26 53.80  P 1 11.65   0 star
630   09 33 50.66 -35 13 07.06  P 1 11.65   0 star
631   09 33 50.86 -36 36 56.80  P 1 11.65   0 star
632   09 33 50.89 -36 17 12.32  P 1 11.65   0 star
633   09 33 51.09 -35 27 49.80  P 1 11.65   0 star
634   09 33 51.15 -37 50 37.49  P 1 11.65   0 star
635   09 33 51.89 -35 33 45.69  P 1 11.65   0 star
636   09 33 52.46 -37 47 47.85  P 1 11.65   0 star
637   09 33 52.50 -35 28 09.30  P 1 11.65   0 star
638   09 33 53.87 -34 58 54.96  P 1 11.65   0 star
639   09 33 54.27 -35 16 57.59  P 1 11.65   0 star
640   09 33 54.91 -37 14 14.87  P 1 11.65   0 star
641   09 33 55.56 -35 34 32.79  P 1 11.65   0 star
642   09 33 56.95 -37 04 43.65  P 1 11.65   0 star
643   09 33 57.86 -35 53 43.28  P 1 11.65   0 star
644   09 34 00.96 -34 54 11.10  P 1 11.65   0 star
645   09 34 01.26 -37 32 26.30  P 1 11.65   0 star
646   09 34 01.45 -37 27 12.73  P 1 11.65   0 star
647   09 34 02.95 -37 32 13.42  P 1 11.65   0 star
648   09 34 03.09 -36 32 53.17  P 1 11.65   0 star
649   09 34 03.30 -36 08 28.80  P 1 11.65   0 star
650   09 34 04.45 -36 37 34.02  P 1 11.65   0 star
651   09 34 05.73 -36 36 00.09  P 1 11.65   0 star
652   09 34 05.90 -35 41 22.99  P 1 11.65   0 star
653   09 34 06.33 -37 19 26.69  P 1 11.65   0 star
654   09 34 06.54 -35 35 17.39  P 1 11.65   0 star
655   09 34 07.25 -37 07 51.05  P 1 11.65   0 star
656   09 34 08.48 -37 08 03.89  P 1 11.65   0 star
657   09 34 08.59 -35 37 23.32  P 1 11.65   0 star
658   09 34 09.41 -36 14 37.25  P 1 11.65   0 star
659   09 34 09.44 -35 48 55.77  P 1 11.65   0 star
660   09 34 09.94 -37 12 09.87  P 1 11.65   0 star
661   09 34 10.50 -36 22 09.56  P 1 11.65   0 star
662   09 34 12.23 -36 48 20.70  P 1 11.65   0 star
663   09 34 14.46 -36 53 22.30  P 1 11.65   0 star
664   09 34 14.77 -36 52 30.28  P 1 11.65   0 star
665   09 34 14.83 -37 57 31.96  P 1 11.65   0 star
666   09 34 16.00 -37 08 30.80  P 1 11.65   0 star
667   09 34 17.05 -37 35 10.24  P 1 11.65   0 star
668   09 34 17.26 -36 24 08.63  P 1 11.65   0 star
669   09 34 18.77 -35 51 59.81  P 1 11.65   0 star
670   09 34 20.51 -37 26 57.58  P 1 11.65   0 star
671   09 34 21.19 -35 15 57.23  P 1 11.65   0 star
672   09 34 21.25 -36 49 43.09  P 1 11.65   0 star
673   09 34 22.19 -35 19 26.02  P 1 11.65   0 star
674   09 34 22.32 -37 29 03.30  P 1 11.65   0 star
675   09 34 24.35 -36 06 56.74  P 1 11.65   0 star
676   09 34 26.28 -37 36 49.88  P 1 11.65   0 star
677   09 34 26.85 -36 36 02.48  P 1 11.65   0 star
678   09 34 28.25 -37 25 19.22  P 1 11.65   0 star
679   09 34 28.82 -36 29 57.94  P 1 11.65   0 star
680   09 34 29.33 -34 56 17.01  P 1 11.65   0 star
681   09 34 29.61 -35 07 28.53  P 1 11.65   0 star
682   09 34 30.20 -36 12 57.22  P 1 11.65   0 star
683   09 34 30.94 -34 55 22.94  P 1 11.65   0 star
684   09 34 31.33 -37 54 11.03  P 1 11.65   0 star
685   09 34 32.35 -37 27 23.94  P 1 11.65   0 star
686   09 34 33.70 -35 27 49.03  P 1 11.65   0 star
687   09 34 34.19 -36 56 28.33  P 1 11.65   0 star
688   09 34 37.15 -37 57 52.16  P 1 11.65   0 star
689   09 34 37.90 -36 03 30.38  P 1 11.65   0 star
690   09 34 38.67 -36 43 14.25  P 1 11.65   0 star
691   09 34 39.09 -35 55 15.46  P 1 11.65   0 star
692   09 34 40.55 -37 20 59.90  P 1 11.65   0 star
693   09 34 40.68 -35 32 51.84  P 1 11.65   0 star
694   09 34 41.08 -37 59 54.75  P 1 11.65   0 star
695   09 34 42.24 -37 34 03.73  P 1 11.65   0 star
696   09 34 42.54 -34 58 32.39  P 1 11.65   0 star
697   09 34 42.65 -36 01 48.71  P 1 11.65   0 star
698   09 34 42.82 -37 08 59.38  P 1 11.65   0 star
699   09 34 45.14 -35 10 23.23  P 1 11.65   0 star
700   09 34 46.68 -35 15 03.19  P 1 11.65   0 star
701   09 34 46.69 -35 41 01.05  P 1 11.65   0 star
702   09 34 47.40 -36 08 27.90  P 1 11.65   0 star
703   09 34 48.30 -35 59 38.53  P 1 11.65   0 star
704   09 34 48.42 -36 17 06.91  P 1 11.65   0 star
705   09 34 49.93 -37 16 46.44  P 1 11.65   0 star
706   09 34 50.99 -37 15 38.44  P 1 11.65   0 star
707   09 34 52.32 -37 08 51.39  P 1 11.65   0 star
708   09 34 55.76 -35 05 16.44  P 1 11.65   0 star
709   09 34 56.07 -37 50 30.19  P 1 11.65   0 star
710   09 34 56.21 -35 53 21.21  P 1 11.65   0 star
711   09 34 56.92 -35 56 47.66  P 1 11.65   0 star
712   09 34 57.43 -36 47 37.69  P 1 11.65   0 star
713   09 34 57.64 -37 03 46.67  P 1 11.65   0 star
714   09 34 58.63 -34 55 32.42  P 1 11.65   0 star
715   09 34 58.70 -35 06 30.49  P 1 11.65   0 star
716   09 34 59.34 -36 28 52.80  P 1 11.65   0 star
717   09 35 00.70 -37 25 35.08  P 1 11.65   0 star
718   09 35 00.90 -37 19 24.93  P 1 11.65   0 star
719   09 35 02.85 -37 15 35.36  P 1 11.65   0 star
720   09 35 04.94 -35 57 25.40  P 1 11.65   0 star
721   09 35 05.26 -37 26 10.90  P 1 11.65   0 star
722   09 35 05.55 -35 44 57.68  P 1 11.65   0 star
723   09 35 05.65 -35 44 57.13  P 1 11.65   0 star
724   09 35 06.11 -37 48 10.82  P 1 11.65   0 star
725   09 35 06.28 -36 52 02.87  P 1 11.65   0 star
726   09 35 07.84 -37 41 38.79  P 1 11.65   0 star
727   09 35 08.89 -37 50 53.45  P 1 11.65   0 star
728   09 35 09.60 -37 30 16.69  P 1 11.65   0 star
729   09 35 11.02 -36 55 25.45  P 1 11.65   0 star
730   09 35 11.88 -35 49 25.48  P 1 11.65   0 star
731   09 35 12.82 -38 01 15.66  P 1 11.65   0 star
732   09 35 17.94 -36 10 56.17  P 1 11.65   0 star
733   09 35 18.05 -37 33 41.61  P 1 11.65   0 star
734   09 35 18.50 -35 01 41.17  P 1 11.65   0 star
735   09 35 19.53 -35 36 20.98  P 1 11.65   0 star
736   09 35 19.56 -36 39 36.76  P 1 11.65   0 star
737   09 35 22.48 -37 39 11.85  P 1 11.65   0 star
738   09 35 24.24 -37 08 21.89  P 1 11.65   0 star
739   09 35 26.36 -35 37 45.75  P 1 11.65   0 star
740   09 35 26.54 -35 40 51.67  P 1 11.65   0 star
741   09 35 26.87 -36 54 12.29  P 1 11.65   0 star
742   09 35 26.94 -35 28 43.33  P 1 11.65   0 star
743   09 35 28.24 -35 24 08.86  P 1 11.65   0 star
744   09 35 28.65 -36 59 11.06  P 1 11.65   0 star
745   09 35 28.77 -37 01 52.45  P 1 11.65   0 star
746   09 35 30.90 -35 48 58.63  P 1 11.65   0 star
747   09 35 34.97 -36 23 00.62  P 1 11.65   0 star
748   09 35 35.13 -35 54 35.95  P 1 11.65   0 star
749   09 35 37.52 -37 21 38.01  P 1 11.65   0 star
750   09 35 38.61 -37 59 37.86  P 1 11.65   0 star
751   09 35 38.91 -36 27 57.41  P 1 11.65   0 star
752   09 35 39.77 -36 44 21.72  P 1 11.65   0 star
753   09 35 39.88 -35 47 29.76  P 1 11.65   0 star
754   09 35 39.93 -37 45 08.95  P 1 11.65   0 star
755   09 35 40.32 -37 38 04.31  P 1 11.65   0 star
756   09 35 42.42 -37 50 23.32  P 1 11.65   0 star
757   09 35 43.28 -35 51 09.93  P 1 11.65   0 star
758   09 35 44.25 -36 04 16.02  P 1 11.65   0 star
759   09 35 44.91 -35 03 21.56  P 1 11.65   0 star
760   09 35 46.67 -35 31 12.95  P 1 11.65   0 star
761   09 35 47.73 -37 55 38.14  P 1 11.65   0 star
762   09 35 49.42 -37 00 36.10  P 1 11.65   0 star
763   09 35 50.75 -37 55 33.82  P 1 11.65   0 star
764   09 35 50.86 -37 31 07.56  P 1 11.65   0 star
765   09 35 51.06 -35 49 54.57  P 1 11.65   0 star
766   09 35 51.22 -35 52 33.57  P 1 11.65   0 star
767   09 35 51.49 -36 04 54.60  P 1 11.65   0 star
768   09 35 51.73 -35 41 40.93  P 1 11.65   0 star
769   09 35 54.09 -37 12 11.67  P 1 11.65   0 star
770   09 35 55.26 -37 51 34.41  P 1 11.65   0 star
771   09 35 55.57 -35 37 27.72  P 1 11.65   0 star
772   09 35 55.82 -37 04 50.57  P 1 11.65   0 star
773   09 35 56.47 -37 50 11.57  P 1 11.65   0 star
774   09 35 56.93 -37 50 13.37  P 1 11.65   0 star
775   09 35 57.26 -36 55 09.45  P 1 11.65   0 star
776   09 35 58.50 -37 56 51.26  P 1 11.65   0 star
777   09 35 58.99 -36 26 11.56  P 1 11.65   0 star
778   09 35 59.48 -37 07 08.97  P 1 11.65   0 star
779   09 35 59.67 -36 19 42.01  P 1 11.65   0 star
780   09 35 59.75 -36 40 50.83  P 1 11.65   0 star
781   09 35 59.81 -36 06 25.47  P 1 11.65   0 star
782   09 36 01.77 -35 28 59.65  P 1 11.65   0 star
783   09 36 02.33 -35 05 07.15  P 1 11.65   0 star
784   09 36 02.73 -36 23 04.00  P 1 11.65   0 star
785   09 36 03.31 -37 54 30.20  P 1 11.65   0 star
786   09 36 04.64 -36 16 45.35  P 1 11.65   0 star
787   09 36 05.78 -37 23 34.42  P 1 11.65   0 star
788   09 36 06.03 -35 38 16.80  P 1 11.65   0 star
789   09 36 06.55 -35 06 20.19  P 1 11.65   0 star
790   09 36 07.14 -37 34 44.69  P 1 11.65   0 star
791   09 36 07.57 -37 51 16.38  P 1 11.65   0 star
792   09 36 08.49 -35 48 50.98  P 1 11.65   0 star
793   09 36 08.77 -36 50 16.87  P 1 11.65   0 star
794   09 36 10.30 -36 30 58.11  P 1 11.65   0 star
795   09 36 11.76 -35 52 17.24  P 1 11.65   0 star
796   09 36 12.57 -36 02 03.35  P 1 11.65   0 star
797   09 36 14.17 -35 23 11.42  P 1 11.65   0 star
798   09 36 14.38 -37 04 18.61  P 1 11.65   0 star
799   09 36 15.52 -36 50 28.01  P 1 11.65   0 star
800   09 36 19.78 -36 07 56.02  P 1 11.65   0 star
801   09 36 19.91 -37 47 17.33  P 1 11.65   0 star
802   09 36 22.41 -36 42 23.08  P 1 11.65   0 star
803   09 36 22.60 -37 36 15.34  P 1 11.65   0 star
804   09 36 22.75 -35 30 51.45  P 1 11.65   0 star
805   09 36 22.86 -36 52 31.55  P 1 11.65   0 star
806   09 36 24.16 -37 49 06.26  P 1 11.65   0 star
807   09 36 24.43 -35 24 29.17  P 1 11.65   0 star
808   09 36 25.72 -36 18 06.27  P 1 11.65   0 star
809   09 36 30.70 -35 03 23.69  P 1 11.65   0 star
810   09 36 31.36 -35 16 07.55  P 1 11.65   0 star
811   09 36 31.82 -35 03 08.80  P 1 11.65   0 star
812   09 36 32.13 -37 20 55.66  P 1 11.65   0 star
813   09 36 33.52 -37 27 29.18  P 1 11.65   0 star
814   09 36 34.13 -36 44 18.77  P 1 11.65   0 star
815   09 36 34.34 -36 39 45.30  P 1 11.65   0 star
816   09 36 34.37 -35 44 00.31  P 1 11.65   0 star
817   09 36 35.66 -35 14 39.81  P 1 11.65   0 star
818   09 36 36.37 -35 17 39.57  P 1 11.65   0 star
819   09 36 37.71 -37 30 08.88  P 1 11.65   0 star
820   09 36 39.49 -37 42 14.01  P 1 11.65   0 star
821   09 36 39.84 -35 47 02.64  P 1 11.65   0 star
822   09 36 41.07 -35 09 41.04  P 1 11.65   0 star
823   09 36 42.44 -37 38 52.02  P 1 11.65   0 star
824   09 36 42.45 -37 53 02.58  P 1 11.65   0 star
825   09 36 43.26 -36 17 54.93  P 1 11.65   0 star
826   09 36 45.64 -36 57 09.38  P 1 11.65   0 star
827   09 36 46.32 -37 39 47.23  P 1 11.65   0 star
828   09 36 47.39 -36 18 48.50  P 1 11.65   0 star
829   09 36 49.81 -36 54 28.92  P 1 11.65   0 star
830   09 36 49.84 -35 46 10.47  P 1 11.65   0 star
831   09 36 49.97 -37 50 21.68  P 1 11.65   0 star
832   09 36 51.02 -36 50 32.60  P 1 11.65   0 star
833   09 36 51.14 -36 07 21.93  P 1 11.65   0 star
834   09 36 51.37 -37 41 47.83  P 1 11.65   0 star
835   09 36 51.38 -37 00 55.22  P 1 11.65   0 star
836   09 36 53.83 -37 10 40.13  P 1 11.65   0 star
837   09 36 53.95 -37 10 34.29  P 1 11.65   0 star
838   09 36 54.39 -37 33 38.13  P 1 11.65   0 star
839   09 36 56.76 -36 44 25.43  P 1 11.65   0 star
840   09 36 56.82 -37 33 22.02  P 1 11.65   0 star
841   09 36 58.74 -36 03 22.94  P 1 11.65   0 star
842   09 36 59.09 -37 02 18.00  P 1 11.65   0 star
843   09 36 59.09 -36 26 33.19  P 1 11.65   0 star
844   09 36 59.46 -36 15 11.37  P 1 11.65   0 star
845   09 36 59.65 -36 48 21.85  P 1 11.65   0 star
846   09 37 02.34 -36 16 55.79  P 1 11.65   0 star
847   09 37 03.87 -37 45 31.77  P 1 11.65   0 star
848   09 37 04.91 -36 23 46.03  P 1 11.65   0 star
849   09 37 05.53 -36 47 25.87  P 1 11.65   0 star
850   09 37 05.61 -36 26 57.51  P 1 11.65   0 star
851   09 37 06.47 -35 51 33.52  P 1 11.65   0 star
852   09 37 06.74 -37 27 11.90  P 1 11.65   0 star
853   09 37 07.58 -37 49 34.07  P 1 11.65   0 star
854   09 37 08.73 -36 08 09.62  P 1 11.65   0 star
855   09 37 10.44 -36 04 46.16  P 1 11.65   0 star
856   09 37 10.44 -37 44 48.28  P 1 11.65   0 star
857   09 37 11.70 -35 37 58.49  P 1 11.65   0 star
858   09 37 14.30 -37 21 13.47  P 1 11.65   0 star
859   09 37 14.35 -36 55 57.95  P 1 11.65   0 star
860   09 37 15.22 -36 28 43.78  P 1 11.65   0 star
861   09 37 18.30 -35 09 11.90  P 1 11.65   0 star
862   09 37 18.49 -36 57 10.29  P 1 11.65   0 star
863   09 37 20.31 -35 34 37.31  P 1 11.65   0 star
864   09 37 22.64 -36 01 51.40  P 1 11.65   0 star
865   09 37 23.95 -35 34 10.71  P 1 11.65   0 star
866   09 37 26.77 -36 40 55.69  P 1 11.65   0 star
867   09 37 28.42 -36 05 45.57  P 1 11.65   0 star
868   09 37 30.02 -35 17 32.40  P 1 11.65   0 star
869   09 37 32.77 -37 43 18.91  P 1 11.65   0 star
870   09 37 33.09 -36 33 24.81  P 1 11.65   0 star
871   09 37 33.56 -37 25 29.75  P 1 11.65   0 star
872   09 37 33.68 -36 04 29.52  P 1 11.65   0 star
873   09 37 33.69 -35 52 41.29  P 1 11.65   0 star
874   09 37 33.69 -35 52 42.39  P 1 11.65   0 star
875   09 37 34.36 -37 37 03.77  P 1 11.65   0 star
876   09 37 34.95 -37 03 22.52  P 1 11.65   0 star
877   09 37 37.11 -35 47 01.11  P 1 11.65   0 star
878   09 37 37.26 -37 28 15.94  P 1 11.65   0 star
879   09 37 41.94 -35 48 39.11  P 1 11.65   0 star
880   09 37 42.38 -37 20 57.76  P 1 11.65   0 star
881   09 37 44.00 -35 26 07.92  P 1 11.65   0 star
882   09 37 45.31 -37 37 06.43  P 1 11.65   0 star
883   09 37 45.60 -37 44 14.38  P 1 11.65   0 star
884   09 37 50.05 -36 14 34.91  P 1 11.65   0 star
885   09 37 50.68 -37 42 22.91  P 1 11.65   0 star
886   09 37 50.79 -36 01 17.68  P 1 11.65   0 star
887   09 37 50.97 -36 14 53.67  P 1 11.65   0 star
888   09 37 51.71 -37 18 31.97  P 1 11.65   0 star
889   09 37 54.42 -35 24 08.44  P 1 11.65   0 star
890   09 37 54.52 -36 00 28.34  P 1 11.65   0 star
891   09 37 55.75 -36 55 34.11  P 1 11.65   0 star
892   09 37 56.05 -37 05 42.19  P 1 11.65   0 star
893   09 37 56.13 -36 29 25.02  P 1 11.65   0 star
894   09 37 58.01 -36 39 49.81  P 1 11.65   0 star
895   09 37 58.76 -36 33 23.33  P 1 11.65   0 star
896   09 37 59.39 -35 32 56.61  P 1 11.65   0 star
897   09 38 01.86 -37 25 55.53  P 1 11.65   0 star
898   09 38 01.99 -36 41 26.08  P 1 11.65   0 star
899   09 38 03.47 -35 23 55.15  P 1 11.65   0 star
900   09 38 04.68 -37 11 04.98  P 1 11.65   0 star
901   09 38 05.05 -37 04 41.37  P 1 11.65   0 star
902   09 38 08.79 -36 25 58.55  P 1 11.65   0 star
903   09 38 09.82 -36 22 49.44  P 1 11.65   0 star
904   09 38 14.77 -35 54 42.08  P 1 11.65   0 star
905   09 38 15.95 -36 04 15.81  P 1 11.65   0 star
906   09 38 16.09 -35 25 46.73  P 1 11.65   0 star
907   09 38 17.24 -36 36 02.92  P 1 11.65   0 star
908   09 38 17.32 -35 32 58.73  P 1 11.65   0 star
909   09 38 17.39 -37 07 39.75  P 1 11.65   0 star
910   09 38 19.02 -36 09 39.85  P 1 11.65   0 star
911   09 38 20.37 -36 23 16.89  P 1 11.65   0 star
912   09 38 22.04 -36 14 19.11  P 1 11.65   0 star
913   09 38 23.88 -36 53 02.95  P 1 11.65   0 star
914   09 38 24.61 -37 14 35.56  P 1 11.65   0 star
915   09 38 25.63 -37 19 45.13  P 1 11.65   0 star
916   09 38 26.71 -36 18 48.69  P 1 11.65   0 star
917   09 38 27.12 -36 08 48.69  P 1 11.65   0 star
918   09 38 27.17 -36 49 41.59  P 1 11.65   0 star
919   09 38 28.80 -37 23 50.60  P 1 11.65   0 star
920   09 38 29.24 -37 31 18.52  P 1 11.65   0 star
921   09 38 35.01 -36 16 07.97  P 1 11.65   0 star
922   09 38 36.65 -36 46 55.41  P 1 11.65   0 star
923   09 38 39.35 -36 04 18.71  P 1 11.65   0 star
924   09 38 39.57 -36 47 45.37  P 1 11.65   0 star
925   09 38 39.60 -37 33 41.05  P 1 11.65   0 star
926   09 38 40.42 -35 27 43.97  P 1 11.65   0 star
927   09 38 40.46 -35 59 30.00  P 1 11.65   0 star
928   09 38 42.65 -36 43 46.18  P 1 11.65   0 star
929   09 38 44.57 -36 41 43.65  P 1 11.65   0 star
930   09 38 46.50 -35 26 28.90  P 1 11.65   0 star
931   09 38 48.24 -36 31 45.43  P 1 11.65   0 star
932   09 38 48.45 -36 49 13.02  P 1 11.65   0 star
933   09 38 50.90 -37 20 58.89  P 1 11.65   0 star
934   09 38 51.15 -36 44 11.92  P 1 11.65   0 star
935   09 38 52.22 -36 55 09.82  P 1 11.65   0 star
936   09 38 56.20 -36 57 24.66  P 1 11.65   0 star
937   09 38 56.90 -37 28 06.36  P 1 11.65   0 star
938   09 38 57.40 -37 04 53.27  P 1 11.65   0 star
939   09 38 57.50 -37 30 23.70  P 1 11.65   0 star
940   09 38 59.66 -36 47 02.89  P 1 11.65   0 star
941   09 38 59.78 -35 34 12.64  P 1 11.65   0 star
942   09 39 00.06 -35 54 29.87  P 1 11.65   0 star
943   09 39 01.41 -37 08 44.55  P 1 11.65   0 star
944   09 39 04.39 -36 22 25.34  P 1 11.65   0 star
945   09 39 04.95 -36 36 58.59  P 1 11.65   0 star
946   09 39 09.13 -37 05 58.55  P 1 11.65   0 star
947   09 39 09.65 -36 28 57.71  P 1 11.65   0 star
948   09 39 16.28 -36 24 15.44  P 1 11.65   0 star
949   09 39 18.46 -35 35 59.49  P 1 11.65   0 star
950   09 39 18.93 -36 39 16.99  P 1 11.65   0 star
951   09 39 19.92 -36 54 56.55  P 1 11.65   0 star
952   09 39 25.54 -37 20 38.61  P 1 11.65   0 star
953   09 39 26.36 -36 00 43.00  P 1 11.65   0 star
954   09 39 28.61 -37 18 59.82  P 1 11.65   0 star
955   09 39 31.34 -36 50 10.47  P 1 11.65   0 star
956   09 39 33.18 -36 40 31.92  P 1 11.65   0 star
957   09 39 33.36 -36 10 57.80  P 1 11.65   0 star
958   09 39 38.37 -36 44 58.90  P 1 11.65   0 star
959   09 39 40.72 -36 16 19.52  P 1 11.65   0 star
960   09 39 40.79 -36 37 15.75  P 1 11.65   0 star
961   09 39 41.68 -35 59 25.16  P 1 11.65   0 star
962   09 39 46.41 -36 54 25.27  P 1 11.65   0 star
963   09 39 46.93 -37 04 32.92  P 1 11.65   0 star
964   09 39 47.01 -36 04 34.27  P 1 11.65   0 star
965   09 39 47.56 -36 05 33.20  P 1 11.65   0 star
966   09 39 51.05 -37 03 45.56  P 1 11.65   0 star
967   09 39 51.82 -35 58 05.56  P 1 11.65   0 star
968   09 39 53.31 -37 05 56.76  P 1 11.65   0 star
969   09 39 55.17 -36 57 21.56  P 1 11.65   0 star
970   09 39 56.46 -36 36 15.99  P 1 11.65   0 star
971   09 39 57.68 -36 04 08.50  P 1 11.65   0 star
972   09 39 57.89 -36 06 55.65  P 1 11.65   0 star
973   09 39 59.42 -36 57 11.63  P 1 11.65   0 star
974   09 40 10.96 -36 49 40.55  P 1 11.65   0 star
975   09 40 11.22 -36 39 10.65  P 1 11.65   0 star
976   09 40 11.23 -36 26 40.99  P 1 11.65   0 star
977   09 40 21.25 -36 47 50.31  P 1 11.65   0 star
978   09 40 21.49 -36 48 58.80  P 1 11.65   0 star
979   09 40 25.25 -36 27 49.20  P 1 11.65   0 star
980   09 40 25.83 -36 33 06.87  P 1 11.65   0 star
981   09 40 26.23 -36 12 46.51  P 1 11.65   0 star
982   09 40 29.42 -36 35 20.32  P 1 11.65   0 star
983   09 40 33.59 -36 29 26.67  P 1 11.65   0 star
984   09 40 33.71 -36 35 44.62  P 1 11.65   0 star
985   09 40 34.89 -36 32 13.67  P 1 11.65   0 star
986   09 40 34.90 -36 32 13.67  P 1 11.65   0 star
987   09 40 36.95 -36 22 05.43  P 1         0 star

















































































































































































































































































































































































































































































































































































































































































































































































































































































































































































































































































































































































































































































































































































































































































































































































































































































































































































































































































































































































































































































































































































































































































































































































































































































































































































































































































































































































































































































































































































































































































































































































































































































































































































































































































































































































































































































































































































































































































































































































































































































































































































































































































































































































































































































































































































































































































































































































































































































































































































































































































































































































































































































































































































































































































































































































































































































































































































































































































































































































































































































































































































































































































































































































































































































































































































































































































































































































































































































































































































































































































































































































































































































































































































































































































































































































































































































































































































































































































































































































































































































































































































































































































































































































































































































































































































































































































































































































































































































































































































































































































































































































































































































































































































































































































































































































































































































































































































































































































































































































































































































































































































































































































































































































































































































































































































































































































































































































































































































































































































































































































































































































































































































































































































































































































































































































































































































































































































































































































































































































































































































































































































































































































































































































































































































































































































































































































































































































































































































































































































































































































































































































































































































































































































































































































































































































































































































































































































































































































































































































































































































































































































































































































































































































































































































































































































































































































































































































































































































































































































































































































































































































































































































































































































































































































































































































































































































































































































































































































































































































































































































































































































































































































































































































































































































































































































































































































































































































































































































































































































































































































































































































































































































































































































































































































































































































































































































































































































































































































































































































































































































































































































































































































































































































































































































































































































































































































































































































































































































































































































































































































































































































































































































































































































































































































































































































































































































































































































































































































































































































































































































































































































































































































































































































































































































































































































































































































































































































































































































































































































































































































































































































































































































































































































































































































































































































































































































































































































































































































































































































































































































































































































































































































































































































































































































































































































































































































































































































































































































































































































































































































































































































































































































































































































































































































































































































987
